[[[ ][ ][ ][ ][ ][ ][ ][ ][ ][ ][ ][ ][ ][ ][ ][ ][ ][ ][ ][ ][ ][ ][ ][ ][ ][ ][ ][ ]]
 [[ ][ ][ ][ ][ ][ ][ ][ ][ ][ ][ ][ ][ ][ 13][ 59][ 5 ][1][ ][ ][ ][ ][ ][ ][ ][ ][ ][ ][ ]]
 [[ ][ ][ ][ ][ ][ ][ ][ ][ ][ ][ ][ 15][ 4 ][ 89][255][217][1][ ][ ][ ][ ][ ][ ][ ][ ][ ][ ][ ]]
 [[1][1][1][1][1][1][1][1][1][ 12][ 21][1 8][254][254][254][218][2][1][1][1][1][1][1][1][1][1][1][1]]
 [[ ][ ][ ][ ][ ][ ][ ][ ][5][131][249][252][255][255][247][2 9][1][ ][ ][ ][ ][ ][ ][ ][ ][ ][ ][ ]]
 [[ ][ ][ ][ ][ ][ ][ ][2][138][248][255][255][254][2 2][ 17][ 15][ ][ ][ ][ ][ ][ ][ ][ ][ ][ ][ ][ ]]
 [[ ][ ][ ][ ][ ][ ][ ][144][243][255][255][174][ 32][ 26][ ][ ][ ][ ][ ][ ][ ][ ][ ][ ][ ][ ][ ][ ]]
 [[ ][ ][ ][ ][ ][ ][143][245][255][143][ 31][ 21][ ][ ][ ][ ][ ][ ][ ][ ][ ][ ][ ][ ][ ][ ][ ][ ]]
 [[ ][ ][ ][ ][ ][ ][163][255][255][127][ ][ ][ ][ ][ ][ ][ ][ ][ ][ ][ ][ ][ ][ ][ ][ ][ ][ ]]
 [[ ][ ][ ][ ][ ][135][232][255][148][ 34][ ][ ][ ][ ][ ][ ][ ][ ][ ][ ][ ][ ][ ][ ][ ][ ][ ][ ]]
 [[ ][ ][ ][ ][ ][182][255][255][2 8][171][171][171][171][134][ ][ ][ ][ ][ ][ ][ ][ ][ ][ ][ ][ ][ ][ ]]
 [[ ][ ][ ][ ][12 ][227][255][255][255][255][255][255][255][234][153][129][1][ ][ ][ ][ ][ ][ ][ ][ ][ ][ ][ ]]
 [[ ][ ][ ][ ][2  ][255][255][171][124][124][124][124][163][255][255][237][133][128][9][ ][ ][ ][ ][ ][ ][ ][ ][ ]]
 [[ ][ ][ ][ ][2  ][255][184][ 51][ ][ ][ ][ ][ 42][141][168][255][255][251][124][ 15][ ][ ][ ][ ][ ][ ][ ][ ]]
 [[ ][ ][ ][ ][2  ][255][ 93][ ][ ][ ][ ][ ][ ][ ][ 32][14 ][15 ][253][254][134][116][116][ 31][ ][ ][ ][ ][ ]]
 [[ ][ ][ ][ ][2  ][255][ 93][ ][ ][ ][ ][ ][ ][ ][ ][ ][ 14][155][158][158][237][255][14 ][ 98][ 41][ ][ ][ ]]
 [[ ][ ][ ][ ][2  ][255][ 93][ ][ ][ ][ ][ ][ ][ ][ ][ ][ ][ ][ ][ ][141][241][255][255][1 5][ ][ ][ ]]
 [[ ][ ][ ][ ][2  ][255][ 93][ ][ ][ ][ ][ ][ ][ ][ ][ ][ ][ ][ ][ ][ ][156][24 ][255][1 5][ ][ ][ ]]
 [[ ][ ][ ][ ][2  ][255][ 93][ ][ ][ ][ ][ ][ ][ ][ ][ ][ ][ ][ ][ ][ ][ 37][2 1][255][1 5][ ][ ][ ]]
 [[ ][ ][ ][ ][2  ][255][ 93][ ][ ][ ][ ][ ][ ][ ][ ][ ][ ][ ][ ][ ][ 22][212][255][238][ 95][ ][ ][ ]]
 [[ ][ ][ ][ ][191][252][1 1][ 12][6][ ][ ][ ][ ][ ][ ][ ][ ][ ][ ][ 11][2 5][255][247][ 85][2][ ][ ][ ]]
 [[ ][ ][ ][ ][3][172][249][252][116][ 13][8][ ][ ][ ][ ][ ][ ][1][ 16][223][255][245][ 67][2][ ][ ][ ][ ]]
 [[ ][ ][ ][ ][ ][9][165][254][249][243][139][4][4][4][4][1][4][ 14][227][254][252][ 6 ][5][ ][ ][ ][ ][ ]]
 [[ ][ ][ ][ ][ ][ ][ 19][176][255][255][245][228][228][228][176][ 35][227][229][255][255][ 73][6][ ][ ][ ][ ][ ][ ]]
 [[ ][ ][ ][ ][ ][ ][ ][ 3 ][167][255][255][255][255][255][246][217][255][255][255][255][ 51][ ][ ][ ][ ][ ][ ][ ]]
 [[ ][ ][ ][ ][ ][ ][ ][ ][ 37][ 63][ 63][ 63][ 63][ 63][ 63][ 63][ 63][ 63][ 63][ 63][ 13][ ][ ][ ][ ][ ][ ][ ]]
 [[ ][ ][ ][ ][ ][ ][ ][ ][ ][ ][ ][ ][ ][ ][ ][ ][ ][ ][ ][ ][ ][ ][ ][ ][ ][ ][ ][ ]]
 [[ ][ ][ ][ ][ ][ ][ ][ ][ ][ ][ ][ ][ ][ ][ ][ ][ ][ ][ ][ ][ ][ ][ ][ ][ ][ ][ ][ ]]
]